Avrg MAE mu08:
11871.880859 
11852.080078 
11960.075195 
11858.574219 
11853.459961 
11901.972656 
11883.416016 
11891.157227 
11902.360352 
11915.282227 
11933.194336 
11944.865234 
11941.180664 
11953.139648 
11920.896484 
11964.639648 
12008.369141 
11924.965820 
11942.947266 
11954.924805 
11973.752930 
11989.350586 
11934.037109 
12000.082031 
11999.433594 
11984.780273 
11974.440430 
11944.708984 
11976.259766 
11914.014648 
Avrg RMSE mu08:
11932.133789 
11915.816406 
12030.321289 
11927.002930 
11915.781250 
11973.228516 
11953.978516 
11961.913086 
11970.415039 
11984.256836 
12004.549805 
12017.860352 
12015.509766 
12029.709961 
12001.427734 
12041.680664 
12088.468750 
12007.399414 
12027.318359 
12045.002930 
12065.519531 
12078.641602 
12018.997070 
12088.282227 
12089.834961 
12079.603516 
12071.389648 
12044.693359 
12068.855469 
12014.522461 
Norm Avrg MAE mu08:
0.070531 
0.069618 
0.069907 
0.070860 
0.073196 
0.074844 
0.072964 
0.076200 
0.077209 
0.077956 
0.078403 
0.082862 
0.077727 
0.081680 
0.081213 
0.088193 
0.084804 
0.087514 
0.085614 
0.087331 
0.086860 
0.092066 
0.092413 
0.092437 
0.092718 
0.095292 
0.096322 
0.098402 
0.096517 
0.099277 
Norm STD MAE mu08:
0.007416 
0.005373 
0.006799 
0.005687 
0.006277 
0.004624 
0.007457 
0.004024 
0.004777 
0.008541 
0.008334 
0.007557 
0.006337 
0.010012 
0.007662 
0.006769 
0.006184 
0.007448 
0.005330 
0.008437 
0.008459 
0.008656 
0.009417 
0.009243 
0.008529 
0.008865 
0.009197 
0.008354 
0.013234 
0.008954 
Norm Avrg RMSE mu08:
0.104697 
0.106459 
0.112947 
0.110657 
0.105726 
0.113323 
0.112605 
0.112709 
0.110623 
0.111796 
0.113905 
0.115733 
0.117507 
0.119078 
0.120601 
0.120053 
0.122763 
0.123029 
0.124866 
0.128624 
0.129660 
0.128151 
0.124704 
0.128302 
0.129551 
0.132250 
0.133040 
0.134913 
0.130459 
0.135101 
Norm STD RMSE mu08:
0.008130 
0.008809 
0.008715 
0.010871 
0.006485 
0.007073 
0.008928 
0.011875 
0.008995 
0.009550 
0.009940 
0.009345 
0.009085 
0.009326 
0.011533 
0.009181 
0.007740 
0.008270 
0.005496 
0.008236 
0.009827 
0.007129 
0.009460 
0.013208 
0.008293 
0.009782 
0.006797 
0.010583 
0.011299 
0.008421 
STD NLL:
0.000000 
0.000000 
0.000000 
0.000000 
0.000000 
0.000000 
0.000000 
0.000000 
0.000000 
0.000000 
0.000000 
0.000000 
0.000000 
0.000000 
0.000000 
0.000000 
0.000000 
0.000000 
0.000000 
0.000000 
0.000000 
0.000000 
0.000000 
0.000000 
0.000000 
0.000000 
0.000000 
0.000000 
0.000000 
MEAN NLL:
48.861649 
48.861649 
48.861649 
48.861649 
48.861649 
48.861649 
48.861649 
48.861649 
48.861649 
48.861649 
48.861649 
48.861649 
48.861649 
48.861649 
48.861649 
48.861649 
48.861649 
48.861649 
48.861649 
48.861649 
48.861649 
48.861649 
48.861649 
48.861649 
48.861649 
48.861649 
48.861649 
48.861649 
48.861649 
