Avrg MAE mu08:
4.703272 
4.788228 
4.855654 
5.049907 
5.071797 
4.837764 
4.655951 
4.586322 
4.476022 
4.433105 
4.167339 
4.394160 
4.395333 
4.445261 
4.699724 
4.905924 
4.898186 
4.875347 
4.587964 
4.562239 
4.715373 
4.910497 
4.899349 
5.211113 
5.291167 
5.447770 
5.370766 
5.298685 
5.428705 
5.386175 
Avrg RMSE mu08:
5.538864 
5.642040 
5.696450 
5.888485 
5.903974 
5.644750 
5.455832 
5.419310 
5.351460 
5.228428 
4.985489 
5.183206 
5.181877 
5.366349 
5.710314 
5.914595 
5.798020 
5.684596 
5.393345 
5.393904 
5.580658 
5.821445 
5.839754 
6.147123 
6.287433 
6.472583 
6.293766 
6.257405 
6.371309 
6.291473 
Norm Avrg MAE mu08:
0.038878 
0.040108 
0.041110 
0.042639 
0.041765 
0.043947 
0.041057 
0.043601 
0.045916 
0.048202 
0.049943 
0.054976 
0.058547 
0.066518 
0.065367 
0.068157 
0.069495 
0.064607 
0.063358 
0.067520 
0.067535 
0.062466 
0.067461 
0.074656 
0.077449 
0.074183 
0.075397 
0.073591 
0.074539 
0.074762 
Norm STD MAE mu08:
0.014089 
0.008720 
0.011245 
0.011434 
0.011814 
0.011980 
0.010070 
0.009644 
0.010728 
0.013881 
0.014076 
0.017053 
0.021511 
0.033403 
0.030395 
0.029298 
0.025170 
0.027159 
0.028627 
0.029641 
0.033423 
0.033209 
0.030597 
0.032283 
0.026156 
0.030514 
0.031941 
0.036138 
0.038205 
0.036760 
Norm Avrg RMSE mu08:
0.051317 
0.051634 
0.054211 
0.054600 
0.053250 
0.051431 
0.051187 
0.050019 
0.053328 
0.054480 
0.055514 
0.055076 
0.064359 
0.069172 
0.071778 
0.071332 
0.070882 
0.072353 
0.069124 
0.065344 
0.063890 
0.067535 
0.067723 
0.070416 
0.074829 
0.082672 
0.080748 
0.088116 
0.089330 
0.086004 
Norm STD RMSE mu08:
0.017380 
0.016431 
0.019826 
0.016377 
0.013393 
0.011760 
0.009367 
0.008717 
0.011157 
0.015214 
0.012952 
0.015820 
0.017245 
0.024882 
0.028899 
0.028861 
0.025192 
0.023473 
0.022491 
0.019516 
0.020724 
0.022366 
0.024485 
0.027363 
0.022242 
0.028720 
0.031430 
0.030791 
0.025247 
0.029242 
STD NLL:
0.000000 
0.000000 
0.000000 
0.000000 
0.000000 
0.000000 
0.000000 
0.000000 
0.000000 
0.000000 
0.000000 
0.000000 
0.000000 
0.000000 
0.000000 
0.000000 
0.000000 
0.000000 
0.000000 
0.000000 
0.000000 
0.000000 
0.000000 
0.000000 
0.000000 
0.000000 
0.000000 
0.000000 
0.000000 
MEAN NLL:
775.857056 
775.857056 
775.857056 
775.857056 
775.857056 
775.857056 
775.857056 
775.857056 
775.857056 
775.857056 
775.857056 
775.857056 
775.857056 
775.857056 
775.857056 
775.857056 
775.857056 
775.857056 
775.857056 
775.857056 
775.857056 
775.857056 
775.857056 
775.857056 
775.857056 
775.857056 
775.857056 
775.857056 
775.857056 
