Avrg MAE mu08:
11913.183594
11909.484375
11903.954102
11906.975586
11916.228516
11915.249023
11921.916016
11915.833984
11919.218750
11908.041016
11919.910156
11913.416016
11919.331055
11913.010742
11907.706055
11913.884766
11917.267578
11909.083984
11919.597656
11904.183594
11912.880859
11920.404297
11914.713867
11904.502930
11898.011719
11896.246094
11887.287109
11897.243164
11900.632812
11899.731445
Avrg RMSE mu08:
11936.698242
11933.151367
11928.858398
11933.252930
11944.424805
11945.908203
11955.072266
11951.533203
11958.566406
11950.118164
11965.931641
11963.714844
11972.600586
11970.844727
11970.097656
11979.806641
11988.227539
11983.706055
11998.818359
11986.195312
11999.661133
12010.560547
12008.795898
12002.140625
12000.589844
12000.610352
11995.311523
12009.380859
12014.510742
12016.775391 
