Norm Avrg MAE mu08:
0.041596
0.044289
0.045753
0.047675
0.051562
0.054348
0.057517
0.059883
0.062842
0.064960
0.069042
0.072322
0.074582
0.077584
0.081805
0.084727
0.086859
0.089160
0.088834
0.090780
0.094131
0.096896
0.098169
0.100555
0.101937
0.103335
0.103300
0.107171
0.106793
0.109007
Norm STD MAE mu08:
0.003120
0.003189
0.003397
0.002912
0.003812
0.004994
0.006323
0.004961
0.005630
0.005162
0.006328
0.006221
0.007038
0.007349
0.006427
0.007670
0.007540
0.009001
0.008743
0.007519
0.009347
0.010092
0.010304
0.010454
0.010767
0.010980
0.009510
0.009918
0.009069
0.009307
Norm Avrg RMSE mu08:
0.062158
0.063271
0.067696
0.070080
0.072741
0.077038
0.080117
0.085231
0.087026
0.090501
0.091902
0.101228
0.101422
0.105457
0.106602
0.112676
0.115049
0.117239
0.118992
0.124262
0.124717
0.127654
0.129355
0.131313
0.135188
0.138444
0.139025
0.142875
0.145588
0.144461
Norm STD RMSE mu08:
0.005387
0.005529
0.007341
0.008815
0.005136
0.002401
0.005062
0.005533
0.008499
0.007728
0.008621
0.008992
0.008330
0.007524
0.011662
0.009981
0.013063
0.012127
0.013247
0.015185
0.013261
0.013045
0.010703
0.012571
0.010594
0.011766
0.011154
0.009800
0.010382
0.013157
