Avrg MAE mu08:
5.356089 
5.210091 
5.523507 
5.678695 
5.274937 
5.077188 
4.741809 
5.023066 
4.878289 
5.068341 
4.590677 
4.588855 
5.143793 
5.784334 
5.780156 
5.906070 
6.086029 
5.847422 
5.310495 
5.266206 
4.870918 
5.350974 
5.658448 
5.599185 
5.564437 
5.517612 
5.164015 
5.077619 
5.004239 
5.263584 
Avrg RMSE mu08:
6.092565 
6.003124 
6.419245 
6.620608 
6.140678 
5.821640 
5.526034 
5.820654 
5.661861 
5.880990 
5.415443 
5.424104 
6.079122 
6.767652 
6.788965 
6.838712 
6.987326 
6.630503 
6.037609 
6.084813 
5.737975 
6.220280 
6.582288 
6.530403 
6.474292 
6.442551 
5.979062 
5.945311 
5.857410 
6.057406 
Norm Avrg MAE mu08:
0.048240 
0.048501 
0.053686 
0.051903 
0.054119 
0.053220 
0.060569 
0.060243 
0.060357 
0.060312 
0.058224 
0.063546 
0.071832 
0.074413 
0.081911 
0.080176 
0.074598 
0.063204 
0.064010 
0.071522 
0.063781 
0.073318 
0.076381 
0.076285 
0.085676 
0.080604 
0.084425 
0.084831 
0.079116 
0.078442 
Norm STD MAE mu08:
0.017934 
0.022409 
0.021081 
0.027554 
0.023408 
0.020945 
0.023319 
0.031403 
0.026894 
0.031366 
0.033910 
0.028430 
0.033554 
0.034213 
0.049377 
0.036391 
0.036485 
0.028659 
0.034304 
0.038998 
0.030249 
0.043144 
0.047746 
0.041192 
0.050216 
0.045812 
0.047688 
0.050451 
0.042044 
0.035485 
Norm Avrg RMSE mu08:
0.059050 
0.060603 
0.076992 
0.073144 
0.070472 
0.072121 
0.071202 
0.069077 
0.073698 
0.074084 
0.069552 
0.079584 
0.089018 
0.095000 
0.096644 
0.099371 
0.105343 
0.101083 
0.090667 
0.094933 
0.091896 
0.094558 
0.093326 
0.095651 
0.092428 
0.095113 
0.091076 
0.092865 
0.097551 
0.098388 
Norm STD RMSE mu08:
0.019423 
0.026315 
0.034252 
0.027812 
0.022300 
0.022852 
0.022119 
0.018194 
0.024135 
0.030666 
0.029966 
0.037240 
0.044558 
0.048666 
0.050005 
0.040572 
0.046387 
0.042935 
0.043815 
0.042065 
0.039740 
0.040924 
0.045397 
0.034841 
0.039574 
0.045840 
0.040114 
0.044839 
0.039363 
0.041931 
STD NLL:
0.000000 
0.000000 
0.000000 
0.000000 
0.000000 
0.000000 
0.000000 
0.000000 
0.000000 
0.000000 
0.000000 
0.000000 
0.000000 
0.000000 
0.000000 
0.000000 
0.000000 
0.000000 
0.000000 
0.000000 
0.000000 
0.000000 
0.000000 
0.000000 
0.000000 
0.000000 
0.000000 
0.000000 
0.000000 
MEAN NLL:
3233.889160 
3233.889160 
3233.889160 
3233.889160 
3233.889160 
3233.889160 
3233.889160 
3233.889160 
3233.889160 
3233.889160 
3233.889160 
3233.889160 
3233.889160 
3233.889160 
3233.889160 
3233.889160 
3233.889160 
3233.889160 
3233.889160 
3233.889160 
3233.889160 
3233.889160 
3233.889160 
3233.889160 
3233.889160 
3233.889160 
3233.889160 
3233.889160 
3233.889160 
