Avrg MAE mu08:
11770.650391
11792.035156
11806.595703
11787.329102
11818.041992
11817.210938
11813.816406
11839.944336
11823.527344
11815.961914
11840.562500
11844.394531
11818.464844
11856.790039
11801.181641
11807.352539
11844.358398
11836.833984
11867.361328
11872.083984
11852.018555
11873.035156
11856.208984
11852.956055
11861.568359
11882.645508
11817.051758
11886.607422
11898.160156
11874.717773
Avrg RMSE mu08:
11866.546875
11887.043945
11902.937500
11881.908203
11912.338867
11911.600586
11908.140625
11931.986328
11921.742188
11910.822266
11935.076172
11939.820312
11917.026367
11951.695312
11898.981445
11903.865234
11940.291016
11934.407227
11963.503906
11969.824219
11948.320312
11969.073242
11952.576172
11949.679688
11959.006836
11982.257812
11917.631836
11982.321289
11994.492188
11970.697266 
