Norm Avrg MAE mu08:
0.089508
0.088366
0.088260
0.089743
0.088965
0.089177
0.090190
0.089951
0.089793
0.089872
0.090009
0.091015
0.091646
0.090319
0.090990
0.090852
0.092545
0.092099
0.092107
0.089917
0.093239
0.093666
0.093367
0.093132
0.091136
0.094990
0.092014
0.094596
0.095320
0.094596
Norm STD MAE mu08:
0.017646
0.016915
0.015803
0.017543
0.018073
0.017758
0.017325
0.017763
0.017076
0.017248
0.017967
0.018493
0.018626
0.018481
0.018005
0.016927
0.018288
0.018823
0.017570
0.016645
0.017583
0.017559
0.017257
0.017583
0.018979
0.018636
0.018311
0.018958
0.018462
0.019051
Norm Avrg RMSE mu08:
0.133397
0.131515
0.133247
0.132448
0.131591
0.131868
0.131848
0.129949
0.134481
0.131711
0.131455
0.132544
0.134733
0.132184
0.134208
0.132905
0.132793
0.134367
0.133038
0.134119
0.132703
0.133008
0.133037
0.133624
0.134367
0.135698
0.136100
0.133172
0.133433
0.133470
Norm STD RMSE mu08:
0.026139
0.026661
0.026188
0.025051
0.024603
0.024745
0.025629
0.023436
0.026578
0.024790
0.024949
0.024792
0.026755
0.023438
0.026054
0.027912
0.025782
0.026342
0.025760
0.026068
0.026669
0.023743
0.025558
0.025978
0.024888
0.028962
0.028970
0.024327
0.024639
0.024837
