Norm Avrg MAE mu08:
0.038791
0.039630
0.043561
0.043972
0.045320
0.046130
0.045960
0.047663
0.049773
0.052525
0.053597
0.055121
0.059135
0.058688
0.058006
0.058298
0.058196
0.059201
0.060674
0.060050
0.061362
0.062379
0.066110
0.067950
0.068542
0.067603
0.072256
0.071103
0.072144
0.072495
Norm STD MAE mu08:
0.009786
0.008440
0.011815
0.012994
0.014198
0.016397
0.018498
0.016640
0.017048
0.019681
0.019098
0.021657
0.024841
0.026871
0.028763
0.028040
0.027692
0.027068
0.028828
0.026976
0.029688
0.028645
0.029133
0.030614
0.029450
0.029490
0.028914
0.030103
0.032345
0.033104
Norm Avrg RMSE mu08:
0.049099
0.050583
0.053667
0.055420
0.054842
0.056349
0.056290
0.059103
0.059439
0.060748
0.060068
0.062234
0.064567
0.064901
0.064840
0.066407
0.067361
0.070139
0.073225
0.074840
0.076322
0.077229
0.078391
0.081174
0.081000
0.082407
0.082829
0.082196
0.083954
0.086172
Norm STD RMSE mu08:
0.013066
0.011332
0.013075
0.013735
0.014481
0.014925
0.014042
0.014823
0.015400
0.017191
0.014963
0.017016
0.018589
0.017720
0.020537
0.022155
0.021434
0.023605
0.025422
0.027395
0.029656
0.033324
0.031423
0.032059
0.030471
0.031164
0.031878
0.032188
0.033866
0.036372
