Avrg MAE mu08:
4.695349 
4.770360 
4.974068 
5.218548 
5.149406 
4.918688 
4.760347 
4.894188 
4.709667 
4.406134 
4.146057 
4.368682 
4.637224 
4.616311 
4.736456 
4.894503 
4.853745 
4.939690 
4.736608 
4.536198 
4.518817 
4.630452 
4.954691 
4.936192 
5.076945 
5.111339 
4.853208 
4.776194 
4.927458 
5.382789 
Avrg RMSE mu08:
5.500529 
5.597370 
5.795646 
6.071429 
5.968721 
5.695722 
5.612144 
5.789382 
5.567122 
5.216351 
4.961315 
5.157534 
5.516151 
5.533124 
5.703456 
5.888496 
5.764462 
5.747509 
5.547552 
5.407686 
5.407117 
5.534840 
5.880333 
5.919365 
6.040630 
6.104785 
5.800219 
5.689644 
5.846774 
6.302992 
Norm Avrg MAE mu08:
0.038887 
0.041534 
0.044524 
0.042513 
0.048031 
0.044877 
0.046015 
0.047382 
0.048484 
0.050402 
0.050009 
0.052437 
0.059252 
0.063190 
0.063139 
0.059825 
0.057483 
0.056873 
0.055560 
0.053299 
0.051733 
0.049127 
0.051251 
0.055930 
0.060158 
0.059036 
0.066513 
0.064174 
0.065562 
0.067232 
Norm STD MAE mu08:
0.011237 
0.008695 
0.015419 
0.013979 
0.015212 
0.010991 
0.012570 
0.012153 
0.012805 
0.011070 
0.015712 
0.018536 
0.026789 
0.031607 
0.031631 
0.029135 
0.022662 
0.020023 
0.028494 
0.023386 
0.021474 
0.020766 
0.020998 
0.020788 
0.020444 
0.022797 
0.023936 
0.029965 
0.033972 
0.033403 
Norm Avrg RMSE mu08:
0.049307 
0.055178 
0.058007 
0.055375 
0.052606 
0.051835 
0.056743 
0.058435 
0.055132 
0.053909 
0.057204 
0.059213 
0.063770 
0.064335 
0.066139 
0.068657 
0.068140 
0.067089 
0.064496 
0.065717 
0.067309 
0.062991 
0.065143 
0.072863 
0.077352 
0.082219 
0.077887 
0.083146 
0.079560 
0.081718 
Norm STD RMSE mu08:
0.012320 
0.013017 
0.015143 
0.015415 
0.016090 
0.009426 
0.010794 
0.013819 
0.011100 
0.012006 
0.011840 
0.014906 
0.020273 
0.020107 
0.023642 
0.026609 
0.017798 
0.018278 
0.020540 
0.021151 
0.024660 
0.027505 
0.025893 
0.025535 
0.027542 
0.023326 
0.023140 
0.023135 
0.024961 
0.029762 
STD NLL:
0.000000 
0.000000 
0.000000 
0.000000 
0.000000 
0.000000 
0.000000 
0.000000 
0.000000 
0.000000 
0.000000 
0.000000 
0.000000 
0.000000 
0.000000 
0.000000 
0.000000 
0.000000 
0.000000 
0.000000 
0.000000 
0.000000 
0.000000 
0.000000 
0.000000 
0.000000 
0.000000 
0.000000 
0.000000 
MEAN NLL:
775.857056 
775.857056 
775.857056 
775.857056 
775.857056 
775.857056 
775.857056 
775.857056 
775.857056 
775.857056 
775.857056 
775.857056 
775.857056 
775.857056 
775.857056 
775.857056 
775.857056 
775.857056 
775.857056 
775.857056 
775.857056 
775.857056 
775.857056 
775.857056 
775.857056 
775.857056 
775.857056 
775.857056 
775.857056 
