Avrg MAE mu08:
11353.377930 
11394.844727 
11405.459961 
11360.090820 
11370.400391 
11429.562500 
11416.678711 
11419.670898 
11412.286133 
11374.622070 
11459.993164 
11444.200195 
11370.427734 
11409.230469 
11357.922852 
11443.944336 
11615.755859 
11465.469727 
11415.683594 
11531.955078 
11451.293945 
11531.958984 
11389.649414 
11428.566406 
11495.085938 
11560.824219 
11469.516602 
11517.360352 
11560.893555 
11410.261719 
Avrg RMSE mu08:
11466.611328 
11503.131836 
11507.097656 
11464.697266 
11476.181641 
11542.074219 
11528.261719 
11529.464844 
11534.634766 
11487.577148 
11570.785156 
11550.006836 
11482.363281 
11523.795898 
11470.460938 
11564.371094 
11725.625977 
11578.300781 
11536.522461 
11651.156250 
11562.308594 
11636.417969 
11519.652344 
11546.909180 
11595.075195 
11664.155273 
11591.128906 
11631.266602 
11684.522461 
11527.541016 
Norm Avrg MAE mu08:
0.096577 
0.089462 
0.099410 
0.100584 
0.095140 
0.092987 
0.093247 
0.099846 
0.094219 
0.094136 
0.101854 
0.092411 
0.099994 
0.098653 
0.097483 
0.093860 
0.098797 
0.096200 
0.097830 
0.094645 
0.102071 
0.108920 
0.101223 
0.095374 
0.097817 
0.109205 
0.100598 
0.106527 
0.095757 
0.103325 
Norm STD MAE mu08:
0.015637 
0.011774 
0.010540 
0.011959 
0.013323 
0.009336 
0.009258 
0.016023 
0.010806 
0.012492 
0.012574 
0.012862 
0.010475 
0.011015 
0.015589 
0.010764 
0.011843 
0.011315 
0.009092 
0.007836 
0.014096 
0.014377 
0.011872 
0.008985 
0.015063 
0.009902 
0.017766 
0.018575 
0.004287 
0.012689 
Norm Avrg RMSE mu08:
0.143810 
0.140191 
0.136167 
0.139801 
0.140131 
0.141161 
0.142217 
0.140003 
0.148611 
0.142139 
0.139522 
0.136955 
0.142260 
0.143992 
0.142037 
0.146590 
0.139586 
0.142432 
0.147792 
0.145876 
0.141351 
0.137121 
0.154241 
0.146653 
0.134365 
0.135149 
0.147610 
0.143460 
0.147024 
0.146497 
Norm STD RMSE mu08:
0.010864 
0.019814 
0.009143 
0.008323 
0.019760 
0.019197 
0.022021 
0.017348 
0.016829 
0.015886 
0.014094 
0.025554 
0.017485 
0.009967 
0.023075 
0.018488 
0.016664 
0.015110 
0.018016 
0.017547 
0.015142 
0.015298 
0.025318 
0.015181 
0.016256 
0.017252 
0.017874 
0.014764 
0.026958 
0.012094 
STD NLL:
0.000000 
0.000000 
0.000000 
0.000000 
0.000000 
0.000000 
0.000000 
0.000000 
0.000000 
0.000000 
0.000000 
0.000000 
0.000000 
0.000000 
0.000000 
0.000000 
0.000000 
0.000000 
0.000000 
0.000000 
0.000000 
0.000000 
0.000000 
0.000000 
0.000000 
0.000000 
0.000000 
0.000000 
0.000000 
MEAN NLL:
21.655800 
21.655800 
21.655800 
21.655800 
21.655800 
21.655800 
21.655800 
21.655800 
21.655800 
21.655800 
21.655800 
21.655800 
21.655800 
21.655800 
21.655800 
21.655800 
21.655800 
21.655800 
21.655800 
21.655800 
21.655800 
21.655800 
21.655800 
21.655800 
21.655800 
21.655800 
21.655800 
21.655800 
21.655800 
