Avrg MAE mu08:
5.078102 
4.836442 
5.084036 
5.325102 
5.421353 
5.066296 
4.901299 
4.695055 
4.607730 
4.541511 
4.597170 
4.670636 
4.707704 
4.994246 
5.136522 
5.176065 
5.095171 
4.914860 
4.749225 
4.643283 
4.714836 
5.000509 
5.197134 
5.181193 
5.339506 
5.364401 
5.254088 
5.145651 
5.142809 
5.300944 
Avrg RMSE mu08:
5.983841 
5.742474 
5.999791 
6.231633 
6.320055 
5.918002 
5.778452 
5.625909 
5.515911 
5.431703 
5.543242 
5.587505 
5.718938 
6.030101 
6.206935 
6.185846 
6.016147 
5.825072 
5.660209 
5.617039 
5.614007 
5.978299 
6.224109 
6.182202 
6.358621 
6.400836 
6.230712 
6.081644 
6.008876 
6.148990 
Norm Avrg MAE mu08:
0.048226 
0.048288 
0.050908 
0.052644 
0.054065 
0.050484 
0.051216 
0.049899 
0.048654 
0.049283 
0.052280 
0.053649 
0.057969 
0.064987 
0.067476 
0.067859 
0.064907 
0.058887 
0.060885 
0.065497 
0.065713 
0.062430 
0.064786 
0.067744 
0.070839 
0.070565 
0.072509 
0.076297 
0.074610 
0.070406 
Norm STD MAE mu08:
0.012262 
0.013072 
0.011206 
0.011779 
0.012967 
0.010196 
0.011864 
0.012896 
0.010960 
0.013496 
0.012381 
0.010517 
0.016398 
0.022928 
0.030091 
0.026390 
0.021039 
0.020608 
0.019273 
0.023973 
0.025271 
0.020179 
0.024364 
0.028738 
0.029846 
0.027379 
0.028162 
0.027788 
0.025630 
0.022605 
Norm Avrg RMSE mu08:
0.061870 
0.062376 
0.064368 
0.066017 
0.065739 
0.064493 
0.060486 
0.062413 
0.059780 
0.061963 
0.066901 
0.072800 
0.077762 
0.081497 
0.082529 
0.080168 
0.075567 
0.079043 
0.073469 
0.073552 
0.074580 
0.075313 
0.080390 
0.083932 
0.084697 
0.088450 
0.082887 
0.078588 
0.076158 
0.077744 
Norm STD RMSE mu08:
0.014736 
0.015431 
0.020024 
0.020517 
0.018490 
0.018494 
0.014624 
0.013165 
0.012999 
0.017515 
0.017939 
0.018858 
0.022842 
0.029387 
0.033493 
0.029162 
0.023978 
0.025837 
0.024200 
0.022042 
0.020992 
0.020970 
0.021826 
0.025669 
0.024112 
0.023138 
0.016212 
0.014754 
0.016380 
0.015496 
STD NLL:
0.000000 
0.000000 
0.000000 
0.000000 
0.000000 
0.000000 
0.000000 
0.000000 
0.000000 
0.000000 
0.000000 
0.000000 
0.000000 
0.000000 
0.000000 
0.000000 
0.000000 
0.000000 
0.000000 
0.000000 
0.000000 
0.000000 
0.000000 
0.000000 
0.000000 
0.000000 
0.000000 
0.000000 
0.000000 
MEAN NLL:
187.982712 
187.982712 
187.982712 
187.982712 
187.982712 
187.982712 
187.982712 
187.982712 
187.982712 
187.982712 
187.982712 
187.982712 
187.982712 
187.982712 
187.982712 
187.982712 
187.982712 
187.982712 
187.982712 
187.982712 
187.982712 
187.982712 
187.982712 
187.982712 
187.982712 
187.982712 
187.982712 
187.982712 
187.982712 
