Avrg MAE mu08:
5.820885
5.901675
5.866962
5.881351
5.656801
5.408362
5.418683
5.386030
5.268794
5.031437
4.859575
5.089020
5.320597
5.355128
5.260058
5.126225
5.024517
4.987927
4.919094
4.870680
4.909192
4.964882
5.200533
5.285685
5.425385
5.235916
5.248112
5.248002
5.373209
5.346806
Avrg RMSE mu08:
6.550566
6.634038
6.573574
6.587090
6.392140
6.189338
6.207442
6.172318
6.046494
5.791440
5.628112
5.882040
6.130471
6.145321
6.029346
5.923887
5.831880
5.796463
5.705135
5.665573
5.695626
5.793180
6.071705
6.151049
6.290947
6.120413
6.094128
6.092678
6.249010
6.175394
