Avrg MAE mu08:
5.820885
5.901675
5.866962
5.881351
5.656801
5.408362
5.418683
5.386030
5.268794
5.031437
4.859575
5.089020
5.320597
5.355128
5.260058
5.126225
5.024517
4.987927
4.919094
4.870680
4.909192
4.964882
5.200533
5.285685
5.425385
5.235916
5.248112
5.248002
5.373209
5.346806
Avrg RMSE mu08:
6.550566
6.634038
6.573574
6.587090
6.392140
6.189338
6.207442
6.172318
6.046494
5.791440
5.628112
5.882040
6.130471
6.145321
6.029346
5.923887
5.831880
5.796463
5.705135
5.665573
5.695626
5.793180
6.071705
6.151049
6.290947
6.120413
6.094128
6.092678
6.249010
6.175394
Norm Avrg MAE mu08:
0.049809
0.043578
0.052013
0.052670
0.059256
0.061394
0.062202
0.064772
0.066620
0.069726
0.071160
0.072184
0.075197
0.073748
0.076260
0.072598
0.074587
0.070843
0.075512
0.079434
0.078735
0.078840
0.084198
0.078085
0.080982
0.079252
0.083099
0.082270
0.081629
0.084063
Norm STD MAE mu08:
0.023832
0.014950
0.016639
0.023150
0.028763
0.034133
0.031102
0.029974
0.029467
0.036826
0.035468
0.035738
0.037342
0.039494
0.038487
0.037291
0.035875
0.033978
0.035586
0.037834
0.044402
0.041319
0.046034
0.040288
0.042955
0.042027
0.043247
0.041250
0.041892
0.044997
Norm Avrg RMSE mu08:
0.054974
0.056834
0.061353
0.069568
0.072323
0.076993
0.079032
0.083028
0.084340
0.082399
0.082636
0.085339
0.085985
0.087632
0.087214
0.088587
0.089000
0.093698
0.095268
0.093536
0.094476
0.095837
0.099144
0.100134
0.098385
0.100593
0.096939
0.093786
0.098313
0.098921
Norm STD RMSE mu08:
0.017877
0.018111
0.020011
0.024088
0.025182
0.028682
0.030474
0.036348
0.036000
0.034075
0.035052
0.038901
0.039942
0.041194
0.041579
0.042994
0.041426
0.043197
0.043354
0.043014
0.046460
0.046493
0.047871
0.044801
0.044805
0.045696
0.040395
0.042174
0.044562
0.049087 
