Avrg MAE mu08:
5.532454 
5.562839 
5.660010 
5.654624 
5.596800 
5.567958 
5.580808 
5.535117 
5.325011 
5.213572 
5.182196 
5.299145 
5.399501 
5.365354 
5.295264 
5.242603 
5.020254 
4.923912 
4.928890 
4.835237 
4.790212 
4.828069 
5.059115 
5.012398 
5.070202 
4.987742 
4.943161 
4.964532 
4.997708 
5.026615 
Avrg RMSE mu08:
6.359429 
6.402465 
6.492855 
6.483535 
6.460205 
6.449158 
6.449677 
6.410091 
6.186600 
6.079494 
6.043630 
6.149032 
6.295450 
6.263484 
6.171373 
6.118337 
5.894031 
5.779056 
5.774917 
5.698048 
5.659680 
5.720922 
6.000779 
5.954128 
5.993243 
5.900410 
5.865236 
5.876289 
5.904734 
5.901880 
Norm Avrg MAE mu08:
0.046679 
0.050303 
0.053757 
0.053338 
0.053374 
0.052183 
0.054563 
0.056114 
0.056099 
0.057920 
0.058382 
0.058153 
0.060334 
0.062475 
0.063989 
0.063118 
0.063592 
0.064131 
0.065091 
0.064075 
0.065814 
0.067035 
0.066403 
0.065673 
0.068922 
0.067202 
0.068015 
0.068590 
0.068451 
0.068514 
Norm STD MAE mu08:
0.011615 
0.011525 
0.015206 
0.015228 
0.014716 
0.014458 
0.016738 
0.017335 
0.018093 
0.017714 
0.017441 
0.017028 
0.019288 
0.020779 
0.022526 
0.022472 
0.022086 
0.021352 
0.020601 
0.020015 
0.021812 
0.020892 
0.020779 
0.019673 
0.021289 
0.019893 
0.019428 
0.022616 
0.025578 
0.024358 
Norm Avrg RMSE mu08:
0.060842 
0.061240 
0.065534 
0.066926 
0.068504 
0.067878 
0.067604 
0.069071 
0.071836 
0.072664 
0.072923 
0.074473 
0.075477 
0.076459 
0.076143 
0.074202 
0.073668 
0.076028 
0.075117 
0.075582 
0.075776 
0.076520 
0.077439 
0.077812 
0.075478 
0.076652 
0.077651 
0.079579 
0.080219 
0.078411 
Norm STD RMSE mu08:
0.014736 
0.012314 
0.015630 
0.018183 
0.018126 
0.019553 
0.019002 
0.019174 
0.020593 
0.023185 
0.022569 
0.025272 
0.027357 
0.027594 
0.029040 
0.028225 
0.024972 
0.023250 
0.023070 
0.022499 
0.022719 
0.022960 
0.022338 
0.022187 
0.020239 
0.020209 
0.020531 
0.021806 
0.022724 
0.023532 
STD NLL:
0.000000 
0.000000 
0.000000 
0.000000 
0.000000 
0.000000 
0.000000 
0.000000 
0.000000 
0.000000 
0.000000 
0.000000 
0.000000 
0.000000 
0.000000 
0.000000 
0.000000 
0.000000 
0.000000 
0.000000 
0.000000 
0.000000 
0.000000 
0.000000 
0.000000 
0.000000 
0.000000 
0.000000 
0.000000 
MEAN NLL:
187.982712 
187.982712 
187.982712 
187.982712 
187.982712 
187.982712 
187.982712 
187.982712 
187.982712 
187.982712 
187.982712 
187.982712 
187.982712 
187.982712 
187.982712 
187.982712 
187.982712 
187.982712 
187.982712 
187.982712 
187.982712 
187.982712 
187.982712 
187.982712 
187.982712 
187.982712 
187.982712 
187.982712 
187.982712 
